f(x)=666666+1*x^1+2*x^2+1*x^3+0*x^4+0*x^5+0*x^6+1*x^7+0*x^8+1*x^9+0*x^10+1*x^11+2*x^12+0*x^13+0*x^14-1*x^15-2*x^16-2*x^17-2*x^18+0*x^19+0*x^20+0*x^21+0*x^22+2*x^23+0*x^24+2*x^25+0*x^26-2*x^27-2*x^28+1*x^29-2*x^30-1*x^31-1*x^32+1*x^33-1*x^34+0*x^35+0*x^36+0*x^37+0*x^38+1*x^39+0*x^40-1*x^41+2*x^42-2*x^43+1*x^44-1*x^45-1*x^46+2*x^47-1*x^48+0*x^49+0*x^50+0*x^51+0*x^52+1*x^53-1*x^54+0*x^55-1*x^56+0*x^57+1*x^58+0*x^59-2*x^60+0*x^61+0*x^62-1*x^63+0*x^64-1*x^65+0*x^66-2*x^67+0*x^68-2*x^69+1*x^70+1*x^71-1*x^72+2*x^73+2*x^74+0*x^75+1*x^76-2*x^77+0*x^78-2*x^79+0*x^80+1*x^81+0*x^82-2*x^83+1*x^84+0*x^85+0*x^86-1*x^87+2*x^88+1*x^89
q=705137
t=90
93 0.160019872181765847145577157466098781967661904231121382138779943441398852530814737880001561874435414236625459360746185354574698825770945651440872323045472805416665172614928945130000000000000000000000000000000000000000000000000000000000000000000000000000e176
50 0.167956438935790541296002238329063775655058150934242220535252421154126488985701603223806159803586755395114272892498970031660430603032275410164062507967160000000000000000000000000000000000000000000000000000000000000000000000000000000000000000000000000000e152
46 0.100863420370014107997016065751251963231361042631996327080259773873162236811070384538937059177306757738283722382124160964638992217888418761735862974960000000000000000000000000000000000000000000000000000000000000000000000000000000000000000000000000000000e149
39 0.422860959235743618472891178800839003073956393498453419602228695941342627674490411141893436360645770849083488433371540952821915835163799324942700000000000000000000000000000000000000000000000000000000000000000000000000000000000000000000000000000000000000e142
55 0.808449652939185711052825602985049835739356765441604056322716679098369768517408804222194096481821079835044894408081662815643999028334628277676993729556047710000000000000000000000000000000000000000000000000000000000000000000000000000000000000000000000000e155
59 0.417048124468129587376292380945727471232171312357580759022701885741653643432552968822072421547183125227135731669865444451718986730099057676029065352732147088070000000000000000000000000000000000000000000000000000000000000000000000000000000000000000000000e158
79 0.793599121062355766159978863522347374901072241620656588766548670095280992738944650280004580406357366291505464625649216104597648087370901162212456223656297592447473866418700000000000000000000000000000000000000000000000000000000000000000000000000000000000e169
88 0.117128564338408666142664383062640583977224704421214278433919958793111425059941334697232488554172865331471303784936627311102511063649325239548242805226800587925637590024507138000000000000000000000000000000000000000000000000000000000000000000000000000000e174
90 0.865119704490948636040842756309056029850441599077562718542151848629648627719686284317898548077878141893626590386706896074677168486973702578324479792937527310297391218691411956000000000000000000000000000000000000000000000000000000000000000000000000000000e174
43 0.250156681963810027751131148197838352109948271767176245860772450694355633308506348741146387790174339631845173096750705356435813200496840803872462630000000000000000000000000000000000000000000000000000000000000000000000000000000000000000000000000000000000e146
94 0.414451981742171865512067021428727876396328841844936536553771650353704953918494625352770038216421557618725686282738350958205139321155263012209158379828799755660654223905259344720000000000000000000000000000000000000000000000000000000000000000000000000000e176
9 0.102406879597674388487926888216211073021350552272535568170001900782676560397287933853570000000000000000000000000000000000000000000000000000000000000000000000000000000000000000000000000000000000000000000000000000000000000000000000000000000000000000000000e86
80 0.243033700328979161933201372655775513527995193796582989136112126140794216483275481356748328055928819716603519721175469875209156174092692407742760369309785291698995211915460000000000000000000000000000000000000000000000000000000000000000000000000000000000e170
1 0.666661000000000000000000000000000000000000000000000000000000000000000000000000000000000000000000000000000000000000000000000000000000000000000000000000000000000000000000000000000000000000000000000000000000000000000000000000000000000000000000000000000000e6
16 0.164558648217236002902223648708613383901486406995654894607154179376595395614187233256298833804533335449026106000000000000000000000000000000000000000000000000000000000000000000000000000000000000000000000000000000000000000000000000000000000000000000000000e108
60 0.186030846503569154329294447622662828674538121644570736384566812012289235646944385691827656105298750609921929323630636279770369172393945595476958458095360889926000000000000000000000000000000000000000000000000000000000000000000000000000000000000000000000e159
75 0.779483084067081130885401089954927960018531594002652067953992709290082984337279102467669652257710638936313197172753555370567920776044273032096116677653276882141124279910000000000000000000000000000000000000000000000000000000000000000000000000000000000000e167
72 0.206257565091438254562438158068696669377728033594036967893197689496950108388644701011583053786575535876166348689596932108068769729939224856700005150055145934216809854600000000000000000000000000000000000000000000000000000000000000000000000000000000000000e166
85 0.534965756537440131981544606364207365265464088424182713962380586764508932836738499320682930023744370873211193986386979050583239494066036598828619673357198200147598119059220100000000000000000000000000000000000000000000000000000000000000000000000000000000e172
96 0.269804021413471300760673283931571705921490965499758303934700348326935666225398375814785374752085887108712033343645125012836839957402320635799843656535868370595693359924266923146000000000000000000000000000000000000000000000000000000000000000000000000000e177
67 0.341458380683011069698949914292771693122967862041618394685363130582824794829009362224141509288618266804119114456950707265412384962835647061102919148504390767326875100000000000000000000000000000000000000000000000000000000000000000000000000000000000000000e163
100 0.101990000009800009997999801000201990100979997999899989999980000999899990099999999990198990098019900009999999999009898980097980002000199999999979797990000020100010001000000016867660000000000000000000000000000000000000000000000000000000000000000000000000e179
34 0.211881114278806673286418216669209137356807763307359988042830303821008178502584981759499631382582000991440101078157579826540398817903783320000000000000000000000000000000000000000000000000000000000000000000000000000000000000000000000000000000000000000000e137
17 0.360505814632536224195917189356681667222000099053812577030632438000630993628885551869025960649658909790675973010000000000000000000000000000000000000000000000000000000000000000000000000000000000000000000000000000000000000000000000000000000000000000000000e110
44 0.193365388256024738790490591496933441708075000997415319074115843890230279897337909153822051011553137123921240059503320285935415661966692660437076022000000000000000000000000000000000000000000000000000000000000000000000000000000000000000000000000000000000e147
15 0.530607877951650964970848159576833926777478030160312186553636912540275977400150437638116612904228409811131000000000000000000000000000000000000000000000000000000000000000000000000000000000000000000000000000000000000000000000000000000000000000000000000000e105
35 0.279160612279396722434941665952116213868297199450490087237271610238339169776492932546891913607496381066685941074421734783088538352781415151000000000000000000000000000000000000000000000000000000000000000000000000000000000000000000000000000000000000000000e138
71 0.594256235477033971432432048509927690544594012978395701166906053610005769434252539797233923933240756130019285973163499962785487421316697804584754823938314011876891571000000000000000000000000000000000000000000000000000000000000000000000000000000000000000e165
6 0.235117711873836667341527566529292163548068127617666122842467763766497600000000000000000000000000000000000000000000000000000000000000000000000000000000000000000000000000000000000000000000000000000000000000000000000000000000000000000000000000000000000000e70
53 0.299564401924484756060723484506283022429747792159071632728515443801885374096069098194742497659633088190673047131439352104741440031962593159585427315212471300000000000000000000000000000000000000000000000000000000000000000000000000000000000000000000000000e154
95 0.106267843646115702849619642086648365237129504278414482077176575939315296109307047939047521131475520117726236635943691185299606879224971726044480591500017113793812581259031932811000000000000000000000000000000000000000000000000000000000000000000000000000e177
37 0.391304876192967081088199595914257975743222232777893696854533364928175786038202140484617545627415954388333487619196804498935383082846477202810000000000000000000000000000000000000000000000000000000000000000000000000000000000000000000000000000000000000000e140
2 0.108423375045415641402440671600000000000000000000000000000000000000000000000000000000000000000000000000000000000000000000000000000000000000000000000000000000000000000000000000000000000000000000000000000000000000000000000000000000000000000000000000000000e28
87 0.423670421543066516919652051037462311183528884435564986343403566516891252876803946573846450805929555496532754357325149160453913189881266934420877935340212298574148689940337310000000000000000000000000000000000000000000000000000000000000000000000000000000e173
13 0.158808682674286498212225351703530840259271748815161371660996983566658674210928625751771915087656451300000000000000000000000000000000000000000000000000000000000000000000000000000000000000000000000000000000000000000000000000000000000000000000000000000000e100
10 0.119000800979810219107979898998009899099999189081900999990888078020199997779002101010667876000000000000000000000000000000000000000000000000000000000000000000000000000000000000000000000000000000000000000000000000000000000000000000000000000000000000000000e90
18 0.580500471716523690495086359338843460322534252994210683969086185101340005356901454559537071474393441335761469338800000000000000000000000000000000000000000000000000000000000000000000000000000000000000000000000000000000000000000000000000000000000000000000e112
45 0.142755774173796187194782385849744629736585557218339470917484743866611910504319279788654948330996827139526917241848025489656892738771899268268193376100000000000000000000000000000000000000000000000000000000000000000000000000000000000000000000000000000000e148
97 0.678426155236105045581981341551806378536218204329655504773889732333436839208252154083666229330158244942723531842271564756802495093787218824025355751821118175875797766273230902021000000000000000000000000000000000000000000000000000000000000000000000000000e177
38 0.419498762926552427336860188543113959452757760484882049584388385262854901767020060490979425633390432913929924598951177592770216676872755947888000000000000000000000000000000000000000000000000000000000000000000000000000000000000000000000000000000000000000e141
12 0.129266542326185305671507596550118982716130967514390856638632398919382124551931959213141315557480600000000000000000000000000000000000000000000000000000000000000000000000000000000000000000000000000000000000000000000000000000000000000000000000000000000000e97
26 0.920906876066328188408722609364128224319317184860299835277153082181281283724080216895599517876653163305872217632021561980013236000000000000000000000000000000000000000000000000000000000000000000000000000000000000000000000000000000000000000000000000000000e126
58 0.911359802860362737503337457864247141650349649098043837768371834407177285551868386405185386483638704992948266188053428518169410113359595888604475027934538478800000000000000000000000000000000000000000000000000000000000000000000000000000000000000000000000e157
57 0.193959096886328289398375421937143204510353906047034602631467809850933147435062083752385783638903884475500665387626619900169707214000678684620606447924568806100000000000000000000000000000000000000000000000000000000000000000000000000000000000000000000000e157
62 0.343984748417781780761351868108328677055884329105591991964515627503215781239190377771348916876969097448634109675796207251092398391402851249290739835444384787325600000000000000000000000000000000000000000000000000000000000000000000000000000000000000000000e160
30 0.310004346796868322130299159154553145826647468159689997413432908673671811188919900219456673392045277151929823855707153616404870695496000000000000000000000000000000000000000000000000000000000000000000000000000000000000000000000000000000000000000000000000e132
4 0.550932733377008568845338850750354119316089263220485262000000000000000000000000000000000000000000000000000000000000000000000000000000000000000000000000000000000000000000000000000000000000000000000000000000000000000000000000000000000000000000000000000000e54
56 0.401643403773521774603698048112420383181585865288827960437774485627364952760117499599893497683607544839384518090065529142228172540521159275162639997145510626000000000000000000000000000000000000000000000000000000000000000000000000000000000000000000000000e156
86 0.151456875151801575607693527910263552104050027883103709481099882816049443330184481304049765068209993236002967245035105826595136946326416435181713607465131149924120602994100160000000000000000000000000000000000000000000000000000000000000000000000000000000e173
25 0.281475558122724773842337343939414624139949760880850736747585986765346078349388935710735927922598875435758383297958435065429410000000000000000000000000000000000000000000000000000000000000000000000000000000000000000000000000000000000000000000000000000000e125
51 0.977891489164122688828932406702757371760443083474688838415911137172315774848436076113290719319605350078510512259469469269078658281793460619119264391973110000000000000000000000000000000000000000000000000000000000000000000000000000000000000000000000000000e152
52 0.550216119877422614405064423886076894248629325551243885095430894021124579035026746376857854290821753159304045395279394914740402713913674184047617199679166000000000000000000000000000000000000000000000000000000000000000000000000000000000000000000000000000e153
3 0.452993786696954463701864784970554506988846300000000000000000000000000000000000000000000000000000000000000000000000000000000000000000000000000000000000000000000000000000000000000000000000000000000000000000000000000000000000000000000000000000000000000000e43
54 0.158013885614163408983159056966573538821749602252438479668368989369263492887782669899004650427742234069857251715805590321447965374069111335082708117694837120000000000000000000000000000000000000000000000000000000000000000000000000000000000000000000000000e155
5 0.219751248806851438463044701163628771609597005569925354543713721000000000000000000000000000000000000000000000000000000000000000000000000000000000000000000000000000000000000000000000000000000000000000000000000000000000000000000000000000000000000000000000e63
48 0.444649595132129941366199940353956754326264009434899678605168195874027803986157929114286765934608454795811188535454399299068802463147453257189503528538000000000000000000000000000000000000000000000000000000000000000000000000000000000000000000000000000000e150
33 0.148908191125863736248669344473168266311191855941191004042317860108549575518366972584756500704305985253358476884669728252454133675607341300000000000000000000000000000000000000000000000000000000000000000000000000000000000000000000000000000000000000000000e136
36 0.342047237894728879873377015932692297876262183150796431552295098037201568598845231338209060165718994794320590604640145038167581889025626436600000000000000000000000000000000000000000000000000000000000000000000000000000000000000000000000000000000000000000e139
29 0.152020505507167997363548027204330361973785228760963203542039429108966934900251097850193237557540273803267886939443332743938780907370000000000000000000000000000000000000000000000000000000000000000000000000000000000000000000000000000000000000000000000000e131
42 0.308428969671240679484482614553558229712017250684682460720902764112862318831188907113200447680392787412505317281054715976541124893470711201925427600000000000000000000000000000000000000000000000000000000000000000000000000000000000000000000000000000000000e145
61 0.809567391516152942597054780111154290617175723913969209374196115620498453658913097307978698967624771636859333316853388705815236294614054258204564131167765143441000000000000000000000000000000000000000000000000000000000000000000000000000000000000000000000e159
40 0.402040630603465899119014573704541995460009539788912848140816110841877787483826284911424686179346798947689746349452590508996374301247078407339060000000000000000000000000000000000000000000000000000000000000000000000000000000000000000000000000000000000000e143
63 0.142815597505711901858648989355654167270936246579319147986721404997392387121472355508040876962776369800279958962086741764180987942511410546929854485422265406787630000000000000000000000000000000000000000000000000000000000000000000000000000000000000000000e161
64 0.579800810882008837694562802720331724906772325769310970559668685692610149702116791324714414785209236719125168597441208962757647999683100294835136586951783999274020000000000000000000000000000000000000000000000000000000000000000000000000000000000000000000e161
65 0.230329971037716103570564487065330899520389221825645282037054879866945840298752902358603165158408281832508969558243878916948854752828849847885355385055442849934181000000000000000000000000000000000000000000000000000000000000000000000000000000000000000000e162
66 0.895939041816373387261981502827132713861315058597341568883750615956691289898076888129241602453073498636876930286813311602701298552747852652106306384870738520181756000000000000000000000000000000000000000000000000000000000000000000000000000000000000000000e162
21 0.520146604923854563844460399177371299486365836091572839083174918835099580073952232298812421605423998754661545963439092100000000000000000000000000000000000000000000000000000000000000000000000000000000000000000000000000000000000000000000000000000000000000e118
68 0.127582500750179118660283429813823311483630498193180563337964259227179791315753253235638084509696876798515810932455321439637966351341754023247887278823437559041466380000000000000000000000000000000000000000000000000000000000000000000000000000000000000000e164
69 0.467616336563725551219937948369700384253107740804712379432567164475232539302262298695354945876256427309119055718272260636120091791446280484448241494403288079886614970000000000000000000000000000000000000000000000000000000000000000000000000000000000000000e164
70 0.168218532449601595831476380260395653169751156599026944465476072523390873052917088890167398848488568253798265773604364264306312877490927770703836638984438142431019536000000000000000000000000000000000000000000000000000000000000000000000000000000000000000e165
28 0.670672824976520432478859096343932795992584227997342028654458382199402402345750453077537045766329170450655509717454712117840332838000000000000000000000000000000000000000000000000000000000000000000000000000000000000000000000000000000000000000000000000000e129
32 0.964445451788358146804711380503008865800332761463991323373687641282501325360986527467150722786144667995243966835943461497865583173765860000000000000000000000000000000000000000000000000000000000000000000000000000000000000000000000000000000000000000000000e134
73 0.703709839881573078293131568427132353438089608325479956581161005104969595469701754994295072981986187122853548180462174344074698126000610810129463864134171609918319841300000000000000000000000000000000000000000000000000000000000000000000000000000000000000e166
74 0.236117241210343097714472459846241549754229495087578673449783566696910240007216700264075744243872686237173028636122623850399912485996871942873931105130238775476588130920000000000000000000000000000000000000000000000000000000000000000000000000000000000000e167
24 0.746218689134517142818291307784460869952017900827240246431897001462919783292277616940360392733049566154698635444106063144642000000000000000000000000000000000000000000000000000000000000000000000000000000000000000000000000000000000000000000000000000000000e123
76 0.253289656971059449086811799764794245964667356588823826698449327349024883044971431433756740182206441578107671417686572795109949705591766769110134181121411070727611468886000000000000000000000000000000000000000000000000000000000000000000000000000000000000e168
77 0.810474781413595022823706905643540049632435642728314125651844529219470678445318941814623878607821113842464857978321274878079872178186550139567006999163464434466131276641000000000000000000000000000000000000000000000000000000000000000000000000000000000000e168
78 0.255473242318759677471446070799991891404438695233156738683318911616131171947236040981225309260093712173740339503778779575049753468665250388065278014576891512109676276408800000000000000000000000000000000000000000000000000000000000000000000000000000000000e169
7 0.206983542085696724749188809133646350418524210985531196475124903905336372261100000000000000000000000000000000000000000000000000000000000000000000000000000000000000000000000000000000000000000000000000000000000000000000000000000000000000000000000000000000e76
27 0.264152217605374894120744153016192969674371147650125473486462941824754746238721089724154220981648631844628365823371155829358891910000000000000000000000000000000000000000000000000000000000000000000000000000000000000000000000000000000000000000000000000000e128
81 0.733998463328638689930169784937526443089812347920903889766310539786348710183347331653061696664185634866112591570162345222561841755869361580649784918740766232587592845397010000000000000000000000000000000000000000000000000000000000000000000000000000000000e170
82 0.218693180408120034376451766960952595453354089964791093449372024848318938626575486915263858558211204058060184977191187726190099390476654567094002344554236360199725331657036000000000000000000000000000000000000000000000000000000000000000000000000000000000e171
83 0.643027419457916281966467451166224001137443043812742414851568031623412436542123460950927436663308465399580595850045793842033520536651693344783800732078949710205498730293663000000000000000000000000000000000000000000000000000000000000000000000000000000000e171
84 0.186644631331270647874474245528811743730605218048991368095241281318241386355887132364940255927127214348310694521632024531115558775760782958992244412642314891870609642662678200000000000000000000000000000000000000000000000000000000000000000000000000000000e172
19 0.710307658660378882223066313904029627901191997802219757816793887181591554689956092743478737845886443554238259678047000000000000000000000000000000000000000000000000000000000000000000000000000000000000000000000000000000000000000000000000000000000000000000e114
49 0.278388568572458957638688611901413828278126607606457267174707482714404490808065376866293492901910156784298199179321130099021891529241359565732628786011700000000000000000000000000000000000000000000000000000000000000000000000000000000000000000000000000000e151
23 0.169524972544110095282196330164683719290663179088398646632638399965617400393770635571526869385826272998478898481161889561630000000000000000000000000000000000000000000000000000000000000000000000000000000000000000000000000000000000000000000000000000000000e122
8 0.292727843032727780109205054279910455088297133921010031785355512220398704577359538000000000000000000000000000000000000000000000000000000000000000000000000000000000000000000000000000000000000000000000000000000000000000000000000000000000000000000000000000e81
89 0.320116714298410421665359319729003908422744292862366319018723032878044995216746533357572460454109949731156110095822374811510696837902978613949129043173524754662459982419742877000000000000000000000000000000000000000000000000000000000000000000000000000000e174
41 0.361577536993993650174539088040677968722997449415868812484045215756380889830893439715769901626572569515010141105499749984434292838641958915835181000000000000000000000000000000000000000000000000000000000000000000000000000000000000000000000000000000000000e144
91 0.231245959411207423044102851659608327994661478687177274580031907365333212967932224362728451824145049733625723987692081592116337767268844764331383561306077822259828118796906583100000000000000000000000000000000000000000000000000000000000000000000000000000e175
92 0.611514047703931893497139740524416161905460982136137590887079705790074063182497173172503675502309023941547175559566346503131340864974133019548057656105049190408726708422889072600000000000000000000000000000000000000000000000000000000000000000000000000000e175
14 0.115197903571617943062726710102304221979223269463871897182032396199056730531731208972404279114782320895200000000000000000000000000000000000000000000000000000000000000000000000000000000000000000000000000000000000000000000000000000000000000000000000000000e103
11 0.566831314658824177906389467391822832474906614195676985389107552157013350508350020269088272791000000000000000000000000000000000000000000000000000000000000000000000000000000000000000000000000000000000000000000000000000000000000000000000000000000000000000e93
31 0.572688250076053729543959090313233418931708461758239731207384038515520489585228270920806020581700531719180649569875519243774675471905100000000000000000000000000000000000000000000000000000000000000000000000000000000000000000000000000000000000000000000000e133
20 0.679319770667227779531781287318347414239300846640157325345737562200285777430261717528913903610481541203973132806754860000000000000000000000000000000000000000000000000000000000000000000000000000000000000000000000000000000000000000000000000000000000000000e116
47 0.683311864340394257971725540125469498463657997735680276025439676438915723055472429793534755350331336561365289090236313226703732546625446741617172525710000000000000000000000000000000000000000000000000000000000000000000000000000000000000000000000000000000e149
98 0.168985850932251329136394957356573623285697150967362540302922611999141746068347102142828763485843691740314993675715119198562339239307306334404247031006984486005951486593943296578800000000000000000000000000000000000000000000000000000000000000000000000000e178
99 0.417037455799354514241302481716682725413384155882148636870877141103422633373271355775044266164130176301624838488313242086607909140780007270884758067485567830695212807412208500356700000000000000000000000000000000000000000000000000000000000000000000000000e178
22 0.325524677345784930926569795644942408915680135433938709351532158728819103493781285958908812858234147716172688937967864096000000000000000000000000000000000000000000000000000000000000000000000000000000000000000000000000000000000000000000000000000000000000e120
